meshes/crate.obj
textures/metal_sheet.png

	Material:
        200 specular
        1 diffuse
        4000 fog
        0 0 0 fogcol

	Transform:
	
	matrix
	1 0 0 0
	0 1 0 0
	0 0 1 0
	0 0 0 1
	
	0.0

	matrix
	0.707 -0.707 0 0
	0.707 0.707 0 0
	0 0 1 0
	0 0 0 1

	1

	matrix
	0 -1 0 0
	1 0 0 0
	0 0 1 0
	0 0 0 1

	2

	matrix
	-0.707 -0.707 0 0
	0.707 -0.707 0 0
	0 0 1 0
	0 0 0 1

	3

	matrix
	-1 0 0 0
	0 -1 0 0
	0 0 1 0
	0 0 0 1

	4

	matrix
	-0.707 0.707 0 0
	-0.707 -0.707 0 0
	0 0 1 0
	0 0 0 1

	5
	
	matrix
	0 1 0 0
	-1 0 0 0
	0 0 1 0
	0 0 0 1

	6

	matrix
	0.707 0.707 0 0
	-0.707 0.707 0 0
	0 0 1 0
	0 0 0 1

	7

	Cycle:
	8.0

	Position:
	0 0 0
